1899 1 -0.07
1899 2 -0.72
1899 3 -1.05
1899 4 -0.43
1899 5 -0.61
1899 6 0.15
1899 7 0.21
1899 8 -0.6
1899 9 0.49
1899 10 0.2
1899 11 0.62
1899 12 -1.09
1900 1 0.34
1900 2 -2.56
1900 3 -1.34
1900 4 0.53
1900 5 0.03
1900 6 -0.25
1900 7 -0.4
1900 8 -0.2
1900 9 0.72
1900 10 0.16
1900 11 0.12
1900 12 0.76
1901 1 0.26
1901 2 -2.07
1901 3 -0.42
1901 4 0.29
1901 5 -0.49
1901 6 0.41
1901 7 -0.05
1901 8 0.14
1901 9 -0.08
1901 10 0.34
1901 11 -0.92
1901 12 -0.43
1902 1 0.26
1902 2 -2.39
1902 3 -0.17
1902 4 -0.83
1902 5 0.06
1902 6 -1.33
1902 7 -0.59
1902 8 -0.66
1902 9 -0.55
1902 10 0.22
1902 11 -0.22
1902 12 0.38
1903 1 0.22
1903 2 2.22
1903 3 2.23
1903 4 -0.54
1903 5 0.24
1903 6 -1.31
1903 7 -0.5
1903 8 -0.09
1903 9 -0.29
1903 10 -0.58
1903 11 0.65
1903 12 -0.21
1904 1 0.88
1904 2 0.08
1904 3 0.13
1904 4 1.64
1904 5 0.48
1904 6 -0.1
1904 7 -0.22
1904 8 -0.35
1904 9 -0.07
1904 10 0.44
1904 11 -0.26
1904 12 -0.18
1905 1 0.88
1905 2 1.16
1905 3 1.18
1905 4 -0.89
1905 5 0.62
1905 6 -0.05
1905 7 0.06
1905 8 -0.13
1905 9 0.1
1905 10 -0.78
1905 11 0
1905 12 0.91
1906 1 1.02
1906 2 0.68
1906 3 0.33
1906 4 0.87
1906 5 -0.96
1906 6 -0.57
1906 7 0.34
1906 8 -0.63
1906 9 0.02
1906 10 0.56
1906 11 -0.96
1906 12 0.39
1907 1 0.63
1907 2 1.08
1907 3 1.76
1907 4 -0.02
1907 5 -1.09
1907 6 -0.18
1907 7 -1.13
1907 8 -0.04
1907 9 0.09
1907 10 -0.24
1907 11 0.52
1907 12 -0.13
1908 1 0.74
1908 2 0.75
1908 3 0.8
1908 4 -0.55
1908 5 0.41
1908 6 0.15
1908 7 -0.21
1908 8 -0.14
1908 9 0.19
1908 10 -0.16
1908 11 0.01
1908 12 0.36
1909 1 0.58
1909 2 -0.32
1909 3 -2.32
1909 4 0.21
1909 5 -1.18
1909 6 -0.48
1909 7 0.58
1909 8 0.47
1909 9 -0.53
1909 10 -0.04
1909 11 -0.65
1909 12 -1.67
1910 1 1.03
1910 2 1.53
1910 3 0.95
1910 4 -0.45
1910 5 0.08
1910 6 -0.38
1910 7 -0.46
1910 8 -0.66
1910 9 -0.06
1910 10 -0.09
1910 11 -2.41
1910 12 -0.39
1911 1 0.84
1911 2 0.92
1911 3 0.41
1911 4 0.17
1911 5 0.89
1911 6 -0.03
1911 7 -0.31
1911 8 -0.19
1911 9 0.26
1911 10 -0.26
1911 11 0.45
1911 12 0.44
1912 1 -0.82
1912 2 -1.58
1912 3 0.96
1912 4 0.79
1912 5 0.58
1912 6 -0.32
1912 7 -0.43
1912 8 -0.59
1912 9 -0.82
1912 10 0.32
1912 11 0.66
1912 12 1.6
1913 1 0.53
1913 2 0.76
1913 3 2.89
1913 4 0.83
1913 5 0.17
1913 6 0.71
1913 7 -0.17
1913 8 0.15
1913 9 -0.45
1913 10 -0.49
1913 11 1.65
1913 12 0.51
1914 1 -0.22
1914 2 1.07
1914 3 0.26
1914 4 1.41
1914 5 1.47
1914 6 0.79
1914 7 -0.35
1914 8 0.05
1914 9 -0.11
1914 10 0.15
1914 11 0.34
1914 12 0.76
1915 1 -0.61
1915 2 -0.33
1915 3 -2.22
1915 4 1.31
1915 5 -0.88
1915 6 -0.79
1915 7 -0.36
1915 8 -0.69
1915 9 -1.06
1915 10 -0.56
1915 11 -1.84
1915 12 -1.66
1916 1 1.78
1916 2 1.05
1916 3 -1.99
1916 4 -0.22
1916 5 -0.58
1916 6 -0.54
1916 7 0.28
1916 8 -0.08
1916 9 -0.34
1916 10 1
1916 11 -0.1
1916 12 -2.26
1917 1 -1.48
1917 2 0.04
1917 3 -0.48
1917 4 -1.11
1917 5 -1.11
1917 6 0.35
1917 7 -0.37
1917 8 -0.21
1917 9 0.92
1917 10 0.5
1917 11 0.74
1917 12 -0.69
1918 1 -2.21
1918 2 2.06
1918 3 0.54
1918 4 -0.32
1918 5 0.46
1918 6 0.63
1918 7 -1
1918 8 0.09
1918 9 0.24
1918 10 0.35
1918 11 -0.02
1918 12 0.09
1919 1 -0.63
1919 2 -2.17
1919 3 -0.46
1919 4 0.49
1919 5 -0.19
1919 6 1.1
1919 7 -0.04
1919 8 0.68
1919 9 0.48
1919 10 -0.75
1919 11 -1.18
1919 12 1.05
1920 1 1.28
1920 2 1.21
1920 3 2.56
1920 4 -1.06
1920 5 0.51
1920 6 -0.06
1920 7 0.97
1920 8 0.14
1920 9 -0.01
1920 10 -0.67
1920 11 1.09
1920 12 -1.07
1921 1 0.89
1921 2 0.38
1921 3 2.37
1921 4 0.13
1921 5 0.67
1921 6 0.22
1921 7 0.01
1921 8 0.2
1921 9 0.09
1921 10 0.24
1921 11 -0.51
1921 12 1.26
1922 1 -0.42
1922 2 1.39
1922 3 0.31
1922 4 -0.44
1922 5 0.67
1922 6 1.11
1922 7 0.33
1922 8 0.18
1922 9 0.05
1922 10 -1.38
1922 11 -0.06
1922 12 0.88
1923 1 0.77
1923 2 -0.08
1923 3 0.15
1923 4 -0.09
1923 5 -0.13
1923 6 0.51
1923 7 0.53
1923 8 -0.23
1923 9 0.57
1923 10 0.94
1923 11 -0.15
1923 12 0.44
1924 1 0.45
1924 2 -0.73
1924 3 -2.4
1924 4 -1.05
1924 5 -0.07
1924 6 -0.21
1924 7 0.37
1924 8 0.24
1924 9 0.42
1924 10 0.04
1924 11 0.31
1924 12 1.54
1925 1 1.51
1925 2 1.19
1925 3 -0.34
1925 4 0.74
1925 5 0.07
1925 6 0.37
1925 7 0.04
1925 8 0.17
1925 9 0.25
1925 10 -0.45
1925 11 -0.88
1925 12 -1.32
1926 1 0.08
1926 2 0.01
1926 3 0.39
1926 4 0.36
1926 5 -0.96
1926 6 -0.6
1926 7 0.17
1926 8 -0.01
1926 9 0.13
1926 10 -1.19
1926 11 0.49
1926 12 -0.31
1927 1 1.12
1927 2 0.32
1927 3 0.86
1927 4 0.46
1927 5 -0.43
1927 6 0.03
1927 7 0.01
1927 8 -0.07
1927 9 -0.6
1927 10 -0.76
1927 11 0.38
1927 12 -2.07
1928 1 2.14
1928 2 1.81
1928 3 -0.65
1928 4 0.14
1928 5 -0.91
1928 6 -0.65
1928 7 0.6
1928 8 -0.27
1928 9 -0.01
1928 10 0.49
1928 11 0.47
1928 12 0.45
1929 1 -2.24
1929 2 -0.48
1929 3 0.3
1929 4 -0.75
1929 5 0.42
1929 6 -0.24
1929 7 0.1
1929 8 0
1929 9 0.47
1929 10 0.87
1929 11 0.41
1929 12 1.4
1930 1 1.19
1930 2 -0.12
1930 3 -0.41
1930 4 -0.64
1930 5 0.42
1930 6 0.56
1930 7 -0.3
1930 8 -0.41
1930 9 -1.3
1930 10 0.08
1930 11 0.89
1930 12 0.38
1931 1 -0.42
1931 2 0.25
1931 3 -2.44
1931 4 0.26
1931 5 -0.36
1931 6 -0.4
1931 7 0.05
1931 8 -0.39
1931 9 -0.51
1931 10 -0.02
1931 11 0.83
1931 12 0.46
1932 1 1.29
1932 2 -1.23
1932 3 -1.36
1932 4 -0.18
1932 5 -0.6
1932 6 -0.47
1932 7 -0.32
1932 8 0.3
1932 9 0.14
1932 10 0.24
1932 11 0.62
1932 12 1.07
1933 1 0.81
1933 2 -1.43
1933 3 -0.32
1933 4 -0.66
1933 5 -0.32
1933 6 0.05
1933 7 0.41
1933 8 0.66
1933 9 -0.55
1933 10 -0.63
1933 11 -0.13
1933 12 -0.18
1934 1 1.6
1934 2 1.3
1934 3 1
1934 4 -0.68
1934 5 1.11
1934 6 -0.69
1934 7 -0.24
1934 8 0.21
1934 9 0.06
1934 10 0.33
1934 11 0.01
1934 12 -0.93
1935 1 -0.03
1935 2 1.73
1935 3 -0.21
1935 4 -1.18
1935 5 -0.83
1935 6 0.04
1935 7 0.79
1935 8 0.18
1935 9 -0.37
1935 10 1.31
1935 11 0.41
1935 12 -1.55
1936 1 -2.03
1936 2 -2.26
1936 3 -1.06
1936 4 -0.1
1936 5 0.03
1936 6 0.25
1936 7 -0.17
1936 8 0.45
1936 9 -0.49
1936 10 1.02
1936 11 0.99
1936 12 1.67
1937 1 0.66
1937 2 -0.52
1937 3 -1.94
1937 4 -0.05
1937 5 0.53
1937 6 0.54
1937 7 -0.16
1937 8 0.42
1937 9 0.5
1937 10 -0.06
1937 11 -0.99
1937 12 -1.23
1938 1 0.91
1938 2 0.24
1938 3 1.73
1938 4 0.45
1938 5 0.11
1938 6 0.89
1938 7 0.47
1938 8 0.28
1938 9 0.45
1938 10 1.36
1938 11 1.15
1938 12 -0.37
1939 1 -1.36
1939 2 1.57
1939 3 0.15
1939 4 -0.06
1939 5 0.04
1939 6 -0.14
1939 7 -0.32
1939 8 0.01
1939 9 -1.1
1939 10 -0.44
1939 11 0.45
1939 12 -1.16
1940 1 -3.06
1940 2 -1.81
1940 3 -1.64
1940 4 -0.51
1940 5 -0.39
1940 6 0.24
1940 7 -0.13
1940 8 0.72
1940 9 0.27
1940 10 -0.61
1940 11 0.7
1940 12 0.27
1941 1 -2.36
1941 2 -1.52
1941 3 -1.15
1941 4 -0.58
1941 5 0.21
1941 6 0.42
1941 7 0.5
1941 8 -0.21
1941 9 -0.39
1941 10 -0.18
1941 11 -0.28
1941 12 0.51
1942 1 0.14
1942 2 -3.04
1942 3 -1.64
1942 4 -0.28
1942 5 0.25
1942 6 -0.36
1942 7 0.34
1942 8 0.37
1942 9 0.77
1942 10 0.21
1942 11 -0.38
1942 12 0.3
1943 1 -0.97
1943 2 2.29
1943 3 0.86
1943 4 2.23
1943 5 0.58
1943 6 0.02
1943 7 0.04
1943 8 -1.18
1943 9 0.15
1943 10 -0.16
1943 11 0.13
1943 12 1.02
1944 1 1.47
1944 2 -0.24
1944 3 -0.45
1944 4 -0.32
1944 5 0.87
1944 6 -0.13
1944 7 -0.78
1944 8 0.35
1944 9 0.48
1944 10 0.63
1944 11 -0.89
1944 12 0.25
1945 1 -2.72
1945 2 1.07
1945 3 0.75
1945 4 -0.23
1945 5 -0.07
1945 6 -0.3
1945 7 -0.22
1945 8 0.25
1945 9 0.1
1945 10 -0.19
1945 11 -1.27
1945 12 -1.65
1946 1 0.94
1946 2 -0.36
1946 3 -0.02
1946 4 1.09
1946 5 -0.7
1946 6 0.81
1946 7 0.83
1946 8 0.08
1946 9 0.37
1946 10 -0.63
1946 11 -0.45
1946 12 0.3
1947 1 0.07
1947 2 -5.07
1947 3 -1.89
1947 4 2.4
1947 5 0.05
1947 6 -0.13
1947 7 0.64
1947 8 0.14
1947 9 1.1
1947 10 0.25
1947 11 -1.99
1947 12 -1.63
1948 1 -0.18
1948 2 0.6
1948 3 2.25
1948 4 0.63
1948 5 -0.21
1948 6 -0.42
1948 7 -0.34
1948 8 0
1948 9 0.15
1948 10 1.02
1948 11 0.16
1948 12 -0.16
1949 1 1.23
1949 2 2.49
1949 3 0.02
1949 4 1.27
1949 5 -0.3
1949 6 -0.41
1949 7 -0.2
1949 8 0.11
1949 9 -0.4
1949 10 0.63
1949 11 -0.24
1949 12 0.55
1950 1 -0.05
1950 2 0.86
1950 3 0.61
1950 4 0.51
1950 5 -0.37
1950 6 0.55
1950 7 -0.63
1950 8 -0.09
1950 9 0.84
1950 10 0.41
1950 11 -0.66
1950 12 -1.44
1951 1 0.25
1951 2 0.17
1951 3 -2.28
1951 4 -0.57
1951 5 -0.69
1951 6 -0.89
1951 7 0.45
1951 8 0.09
1951 9 -0.38
1951 10 0.27
1951 11 -0.18
1951 12 1.94
1952 1 0.84
1952 2 -1.32
1952 3 -2.42
1952 4 0.71
1952 5 -1.22
1952 6 0.15
1952 7 0.48
1952 8 0.01
1952 9 -0.36
1952 10 -0.31
1952 11 -1.18
1952 12 -1.33
1953 1 -0.01
1953 2 0.2
1953 3 0.64
1953 4 -1.26
1953 5 -0.4
1953 6 0.11
1953 7 0.5
1953 8 0.33
1953 9 0.26
1953 10 0.85
1953 11 1.71
1953 12 1.13
1954 1 -0.14
1954 2 0.48
1954 3 -0.17
1954 4 0.52
1954 5 -1.27
1954 6 0.28
1954 7 0.26
1954 8 -0.31
1954 9 0.38
1954 10 1.06
1954 11 0.98
1954 12 1.08
1955 1 -2.65
1955 2 -1.99
1955 3 -1.52
1955 4 -0.2
1955 5 0.07
1955 6 -0.39
1955 7 0.71
1955 8 0.58
1955 9 0.8
1955 10 -0.58
1955 11 -1.97
1955 12 -0.81
1956 1 -1.52
1956 2 -1.86
1956 3 0.4
1956 4 -1.01
1956 5 2.16
1956 6 0.34
1956 7 -0.57
1956 8 -0.42
1956 9 -0.34
1956 10 0.99
1956 11 0.68
1956 12 1.19
1957 1 2.03
1957 2 -1.14
1957 3 -1.84
1957 4 0.34
1957 5 -0.51
1957 6 -0.63
1957 7 -0.67
1957 8 0.41
1957 9 -0.68
1957 10 1.86
1957 11 -0.78
1957 12 0.62
1958 1 -0.87
1958 2 -1.95
1958 3 -3.12
1958 4 0.21
1958 5 0.03
1958 6 -0.98
1958 7 -0.56
1958 8 -0.98
1958 9 -0.3
1958 10 0.63
1958 11 0.37
1958 12 -1.04
1959 1 -2.24
1959 2 2.51
1959 3 1.18
1959 4 0.06
1959 5 -0.2
1959 6 0.19
1959 7 0.46
1959 8 -0.37
1959 9 0.08
1959 10 0.46
1959 11 -0.38
1959 12 0
1960 1 -2.39
1960 2 -2.83
1960 3 -1.56
1960 4 0.14
1960 5 -0.44
1960 6 0.09
1960 7 -0.13
1960 8 -0.85
1960 9 -0.03
1960 10 -1.77
1960 11 -0.3
1960 12 0.71
1961 1 -0.08
1961 2 1.2
1961 3 0.82
1961 4 -1.08
1961 5 0.21
1961 6 1.47
1961 7 0.05
1961 8 0.83
1961 9 0.74
1961 10 0.35
1961 11 -0.54
1961 12 -2.48
1962 1 1.9
1962 2 0.31
1962 3 -3.85
1962 4 0.69
1962 5 -0.14
1962 6 0.37
1962 7 -1.09
1962 8 0.41
1962 9 -0.09
1962 10 0.43
1962 11 -0.52
1962 12 -0.31
1963 1 -3.03
1963 2 -1.69
1963 3 0.31
1963 4 -1.11
1963 5 1.55
1963 6 -0.54
1963 7 -0.42
1963 8 -0.13
1963 9 0.76
1963 10 1.17
1963 11 -0.9
1963 12 -1.39
1964 1 0.06
1964 2 -0.72
1964 3 -0.94
1964 4 0.35
1964 5 0.64
1964 6 0.39
1964 7 1.21
1964 8 -1.07
1964 9 0
1964 10 0.52
1964 11 -0.13
1964 12 0.01
1965 1 -0.51
1965 2 -1.99
1965 3 -0.91
1965 4 0.69
1965 5 -0.57
1965 6 0.46
1965 7 -0.17
1965 8 0.22
1965 9 -0.14
1965 10 0.21
1965 11 -1.69
1965 12 -0.22
1966 1 -3.76
1966 2 -2.08
1966 3 -0.2
1966 4 -1.5
1966 5 0.65
1966 6 0.46
1966 7 0.38
1966 8 -0.95
1966 9 0.1
1966 10 -1.59
1966 11 0.23
1966 12 -0.03
1967 1 -1.45
1967 2 1.56
1967 3 2.31
1967 4 0.6
1967 5 -0.33
1967 6 1.29
1967 7 0.27
1967 8 0.38
1967 9 0.37
1967 10 1.17
1967 11 0.73
1967 12 -0.93
1968 1 -0.31
1968 2 -1.53
1968 3 1.51
1968 4 -0.3
1968 5 -0.71
1968 6 0.3
1968 7 -0.64
1968 8 -0.38
1968 9 -1.21
1968 10 -1.52
1968 11 -1.56
1968 12 -1.44
1969 1 -3.29
1969 2 -2.81
1969 3 -2.16
1969 4 0.55
1969 5 -0.42
1969 6 -0.07
1969 7 0.46
1969 8 -0.72
1969 9 0.54
1969 10 0.79
1969 11 0.3
1969 12 -0.85
1970 1 -2.57
1970 2 0.23
1970 3 -1.17
1970 4 -0.22
1970 5 0.62
1970 6 0.81
1970 7 0.42
1970 8 -0.25
1970 9 0.19
1970 10 -0.16
1970 11 -0.28
1970 12 -1
1971 1 -1.16
1971 2 0.39
1971 3 -1.06
1971 4 -0.97
1971 5 0.68
1971 6 -0.9
1971 7 -0.25
1971 8 1.04
1971 9 -0.06
1971 10 0.5
1971 11 -0.09
1971 12 0.54
1972 1 0.29
1972 2 -0.07
1972 3 0.49
1972 4 0.11
1972 5 0.6
1972 6 0.7
1972 7 -0.14
1972 8 0.4
1972 9 -0.56
1972 10 0.14
1972 11 0.45
1972 12 1.59
1973 1 0.85
1973 2 1.33
1973 3 0.91
1973 4 -1.2
1973 5 -0.07
1973 6 0.62
1973 7 0.22
1973 8 0.28
1973 9 -0.05
1973 10 -0.44
1973 11 -0.59
1973 12 0.11
1974 1 1.75
1974 2 0.01
1974 3 0.17
1974 4 0.18
1974 5 -0.67
1974 6 -0.26
1974 7 0.55
1974 8 -0.06
1974 9 0.52
1974 10 -0.28
1974 11 -0.09
1974 12 1.18
1975 1 1.35
1975 2 0.36
1975 3 -0.26
1975 4 -0.23
1975 5 -0.56
1975 6 -0.26
1975 7 0.76
1975 8 -0.11
1975 9 1.21
1975 10 -0.38
1975 11 0.4
1975 12 0.87
1976 1 0.49
1976 2 1.94
1976 3 1.65
1976 4 0.11
1976 5 0.52
1976 6 0.46
1976 7 -0.27
1976 8 0.63
1976 9 -0.99
1976 10 -0.46
1976 11 0.38
1976 12 -1.43
1977 1 -2.48
1977 2 -1.24
1977 3 -0.08
1977 4 0.83
1977 5 -0.22
1977 6 -0.18
1977 7 -0.17
1977 8 -0.78
1977 9 0.04
1977 10 0.42
1977 11 0.95
1977 12 -0.67
1978 1 0.72
1978 2 -3.53
1978 3 1.46
1978 4 -1.45
1978 5 0.27
1978 6 0.66
1978 7 -0.51
1978 8 0
1978 9 0.12
1978 10 0.87
1978 11 2.44
1978 12 -2.37
1979 1 -2.36
1979 2 -1.31
1979 3 0.83
1979 4 -1.3
1979 5 -0.03
1979 6 0.78
1979 7 0.36
1979 8 0.1
1979 9 0.46
1979 10 -0.68
1979 11 0.57
1979 12 1.17
1980 1 -1.68
1980 2 0.23
1980 3 -0.67
1980 4 0.33
1980 5 -1.17
1980 6 0.22
1980 7 -0.6
1980 8 -0.72
1980 9 0.55
1980 10 -0.68
1980 11 -1.41
1980 12 1.04
1981 1 0.53
1981 2 0.89
1981 3 -1.77
1981 4 -0.06
1981 5 0.14
1981 6 -0.35
1981 7 0.6
1981 8 0.31
1981 9 -0.92
1981 10 -0.58
1981 11 0.14
1981 12 -2.19
1982 1 -1.41
1982 2 1.15
1982 3 1.89
1982 4 0.91
1982 5 -0.05
1982 6 -1.17
1982 7 0.43
1982 8 0.55
1982 9 0.58
1982 10 -0.15
1982 11 1.95
1982 12 1.93
1983 1 2.52
1983 2 -1.09
1983 3 0.81
1983 4 -1.01
1983 5 -0.39
1983 6 0.59
1983 7 0.32
1983 8 0.95
1983 9 -0.35
1983 10 1.39
1983 11 -1.24
1983 12 0.58
1984 1 2.05
1984 2 0.75
1984 3 -1.66
1984 4 -0.35
1984 5 0.43
1984 6 0.22
1984 7 0.14
1984 8 0.65
1984 9 -0.02
1984 10 0.57
1984 11 -0.38
1984 12 1.29
1985 1 -2.69
1985 2 -1.3
1985 3 -0.03
1985 4 0.16
1985 5 -0.54
1985 6 -0.49
1985 7 0.14
1985 8 0.13
1985 9 -0.21
1985 10 0.79
1985 11 -1.23
1985 12 -0.96
1986 1 0.99
1986 2 -2.78
1986 3 3.09
1986 4 -0.63
1986 5 0.59
1986 6 0.56
1986 7 0.13
1986 8 -0.72
1986 9 -0.49
1986 10 2.19
1986 11 1.61
1986 12 1.32
1987 1 -1.52
1987 2 -1.5
1987 3 -0.94
1987 4 0.92
1987 5 0.3
1987 6 -0.55
1987 7 -0.08
1987 8 -0.82
1987 9 -0.08
1987 10 0.1
1987 11 0.19
1987 12 -1.3
1988 1 0.48
1988 2 0.21
1988 3 -0.07
1988 4 -1.42
1988 5 -0.13
1988 6 0.37
1988 7 -0.03
1988 8 0.41
1988 9 0.21
1988 10 -0.21
1988 11 -0.25
1988 12 1.28
1989 1 2.66
1989 2 3.16
1989 3 2.13
1989 4 -0.3
1989 5 0.9
1989 6 0.02
1989 7 0.68
1989 8 0.69
1989 9 0.83
1989 10 0.72
1989 11 -0.26
1989 12 -0.86
1990 1 2.06
1990 2 3.18
1990 3 3.09
1990 4 1.89
1990 5 -0.19
1990 6 0.3
1990 7 0
1990 8 0.45
1990 9 0.11
1990 10 0.12
1990 11 -0.65
1990 12 1.6
1991 1 1.37
1991 2 0.51
1991 3 -0.79
1991 4 0.3
1991 5 0.62
1991 6 -0.14
1991 7 -0.22
1991 8 1.05
1991 9 0.23
1991 10 -0.54
1991 11 0.75
1991 12 1.5
1992 1 1.11
1992 2 1.98
1992 3 1.75
1992 4 0.27
1992 5 0.73
1992 6 -0.3
1992 7 0.06
1992 8 0.65
1992 9 -0.18
1992 10 -0.96
1992 11 1.78
1992 12 1.2
1993 1 3.07
1993 2 1.08
1993 3 1.22
1993 4 0.14
1993 5 -1.53
1993 6 -0.55
1993 7 -0.55
1993 8 -0.2
1993 9 -0.52
1993 10 -1.14
1993 11 1.35
1993 12 0.84
1994 1 0.53
1994 2 -0.63
1994 3 2.44
1994 4 0.76
1994 5 -0.22
1994 6 1.57
1994 7 0.55
1994 8 0.33
1994 9 -0.5
1994 10 -0.78
1994 11 0.46
1994 12 1.33
1995 1 0.45
1995 2 1.89
1995 3 0.76
1995 4 -1.06
1995 5 -0.8
1995 6 -0.06
1995 7 -0.05
1995 8 0.09
1995 9 -0.2
1995 10 -0.41
1995 11 -1.23
1995 12 -2.42
1996 1 -1.34
1996 2 -0.02
1996 3 -1.16
1996 4 -0.94
1996 5 -0.52
1996 6 0.5
1996 7 0.73
1996 8 0.08
1996 9 -0.9
1996 10 0.09
1996 11 0.39
1996 12 -2.15
1997 1 -0.55
1997 2 3.08
1997 3 2.05
1997 4 -0.33
1997 5 -0.51
1997 6 -1.04
1997 7 -0.13
1997 8 0.3
1997 9 0.21
1997 10 -1.23
1997 11 -1.12
1997 12 -0.51
1998 1 -1.02
1998 2 0.54
1998 3 0.59
1998 4 -0.45
1998 5 0.29
1998 6 -0.94
1998 7 0.02
1998 8 0.63
1998 9 -1.9
1998 10 0.4
1998 11 -0.48
1998 12 1.48
1999 1 0.69
1999 2 1.06
1999 3 -0.87
1999 4 -0.35
1999 5 0.41
1999 6 1.03
1999 7 0.02
1999 8 -0.43
1999 9 -0.23
1999 10 -0.08
1999 11 0.98
1999 12 1
2000 1 1.12
2000 2 2.87
2000 3 0.31
2000 4 -0.63
2000 5 0.79
2000 6 0.25
2000 7 -0.58
2000 8 0.31
2000 9 0.46
2000 10 0.91
2000 11 -1.07
2000 12 -1.5
2001 1 -0.28
2001 2 -0.31
2001 3 -1.93
2001 4 0.48
2001 5 0.13
2001 6 -0.3
2001 7 -0.15
2001 8 0.56
2001 9 -0.84
2001 10 0.59
2001 11 1.23
2001 12 -1.55
2002 1 1.22
2002 2 1.43
2002 3 0.8
2002 4 0.51
2002 5 0.36
2002 6 0.61
2002 7 0.46
2002 8 -0.22
2002 9 -0.83
2002 10 -1.46
2002 11 -0.57
2002 12 -1.36
2003 1 -0.12
2003 2 0.95
2003 3 1.11
2003 4 -0.54
2003 5 0.76
2003 6 -0.09
2003 7 -0.19
2003 8 -0.24
2003 9 0.29
2003 10 -0.58
2003 11 0.28
2003 12 -0.14
2004 1 -1.23
2004 2 -0.45
2004 3 0.89
2004 4 0.41
2004 5 0.27
2004 6 -0.23
2004 7 0.4
2004 8 -0.48
2004 9 0.68
2004 10 -1.03
2004 11 -0.07
2004 12 1.93
2005 1 1.43
2005 2 -0.69
2005 3 -1.75
2005 4 -0.13
2005 5 -0.37
2005 6 -0.19
2005 7 0.08
2005 8 0.39
2005 9 0.15
2005 10 -0.82
2005 11 0.45
2005 12 -0.66
2006 1 0.57
2006 2 -1.14
2006 3 -2.33
2006 4 0.82
2006 5 -0.45
2006 6 0.92
2006 7 0.35
2006 8 -0.57
2006 9 -0.33
2006 10 -1.9
2006 11 0.79
2006 12 2.19
2007 1 1.54
2007 2 -1.25
2007 3 1.78
2007 4 0.27
2007 5 0.84
2007 6 -0.92
2007 7 -0.25
2007 8 -0.1
2007 9 0.05
2007 10 0.36
2007 11 -0.09
2007 12 1.12
2008 1 0.81
2008 2 1.5
2008 3 0.5
2008 4 -1.29
2008 5 -1.33
2008 6 -0.73
2008 7 -0.44
2008 8 -0.03
2008 9 0.1
2008 10 1.2
2008 11 0.18
2008 12 0.57
2009 1 0.56
2009 2 -1.03
2009 3 0.26
2009 4 0.42
2009 5 1.49
2009 6 -1.25
2009 7 -1.05
2009 8 -0.05
2009 9 0.99
2009 10 -1.44
2009 11 0.42
2009 12 -3.02
2010 1 -2.11
2010 2 -3.98
2010 3 -0.75
2010 4 -0.82
2010 5 -0.74
2010 6 -0.3
2010 7 0.09
2010 8 -0.67
2010 9 -0.78
2010 10 -0.6
2010 11 -1.63
2010 12 -3.62
2011 1 -1.37
2011 2 1.16
2011 3 1.02
2011 4 2.31
2011 5 0.14
2011 6 -1.16
2011 7 -0.44
2011 8 -0.97
2011 9 0.8
2011 10 0.52
2011 11 1.08
2011 12 2.61
2012 1 0.8
2012 2 1.02
2012 3 1.33
2012 4 -0.33
2012 5 -0.37
2012 6 -1.16
2012 7 -0.11
2012 8 -0.44
2012 9 0.58
2012 10 -1.65
2012 11 0.07
2012 12 -1.55
2013 1 0.03
2013 2 -0.96
2013 3 -4.12
2013 4 0.24
2013 5 0.46
2013 6 0.59
2013 7 0.11
2013 8 0.79
2013 9 -0.28
2013 10 -0.53
2013 11 1.12
2013 12 1.85
2014 1 -0.1
2014 2 1.06
2014 3 1.38
2014 4 0.26
2014 5 -0.15
2014 6 -0.58
2014 7 -0.24
2014 8 -0.53
2014 9 0.18
2014 10 -0.7
2014 11 -0.27
2014 12 1.43
2015 1 2.01
2015 2 1.31
2015 3 2.36
2015 4 0.82
2015 5 1.22
2015 6 0.17
2015 7 -1.24
2015 8 -0.43
2015 9 -0.51
2015 10 0
2015 11 1.58
2015 12 1.72
2016 1 -0.38
2016 2 1.34
2016 3 1.01
2016 4 -0.68
2016 5 0.13
2016 6 -0.24
2016 7 -0.37
2016 8 0.05
2016 9 0.65
2016 10 -1.04
2016 11 -0.09
2016 12 1.42
2017 1 0.17
2017 2 0.48
2017 3 1.04
2017 4 -0.02
2017 5 -1.09
2017 6 0.23
2017 7 0.6
2017 8 0.17
2017 9 -0.18
2017 10 0.63
2017 11 -0.38
2017 12 0.41
2018 1 0.67
2018 2 0.58
2018 3 -2.29
2018 4 0.44
2018 5 1.71
2018 6 0.4
2018 7 0.6
2018 8 0.88
2018 9 0.45
2018 10 0.43
2018 11 -1.19
2018 12 0.09
